95835
95825
95660
95842
95757
95824
95678
95820
95747
95835
95655
95747
95828
95832
95758
95818
95631
95835
95648
95757
95835
95824
95624
95826
95842
95822
95742
95762
95827
95823
95661
95758
95819
95757
95831
95831
95822
95834
95621
95648
95823
95648
95835
95843
95757
95823
95823
95758
95815
95693
95838
95838
95829
95648
95758
95624
95677
95817
95758
95742
95762
95838
95608
95826
95823
95834
95820
95838
95835
95815
95832
95742
95843
95828
95823
95822
95758
95826
95648
95829
95815
95670
95765
95823
95621
95758
95838
95632
95826
95624
95758
95670
95678
95624
95630
95838
95628
95673
95825
95758
95820
95682
95823
95648
95648
95758
95825
95843
95747
95822
95828
95823
95662
95758
95833
95825
95628
95864
95661
95670
95820
95829
95757
95828
95820
95841
95817
95864
95838
95829
95828
95747
95673
95673
95648
95828
95843
95762
95648
95662
95838
95823
95628
95823
95843
95757
95817
95841
95673
95826
95823
95835
95621
95841
95829
95660
95682
95820
95661
95603
95648
95822
95632
95834
95758
95838
95758
95762
95765
95757
95678
95843
95621
95831
95815
95842
95843
95823
95626
95632
95832
95820
95823
95648
95826
95621
95608
95758
95823
95822
95828
95824
95823
95823
95823
95835
95823
