95835 0 312500 
95825 1776 221250 
95660 888 125000 
95842 964 97500 
95757 1543 275000 
95824 1161 109000 
95678 780 127000 
95820 1039 189000 
95747 0 150000 
95835 1170 176250 
95655 2093 237800 
95747 0 511000 
95828 1468 275336 
95832 1638 191675 
95758 2056 285000 
95818 1639 388000 
95631 0 194818 
95835 2280 279000 
95648 0 4897 
95757 3440 489332 
95835 2187 235000 
95824 924 92000 
95624 1416 200000 
95826 1172 181000 
95842 1127 124000 
95822 1320 148500 
95742 3516 320000 
95762 0 352000 
95827 1578 190000 
95823 1953 205000 
95661 1152 188325 
95758 1240 167293 
95819 1697 400000 
95757 1302 219794 
95831 1324 234500 
95831 1795 351000 
95822 1291 236250 
95834 1659 328578 
95621 1162 164000 
95648 0 188000 
95823 876 61000 
95648 0 4897 
95835 1424 251000 
95843 2347 325000 
95757 3260 385000 
95823 1144 200345 
95823 1386 191250 
95758 1685 182000 
95815 1744 416767 
95693 3741 579093 
95838 1890 137721 
95838 1004 110000 
95829 3863 598695 
95648 0 400000 
95758 2329 213750 
95624 1477 176850 
95677 0 600000 
95817 623 62050 
95758 1716 180400 
95742 0 263500 
95762 0 356200 
95838 952 134000 
95608 1676 247000 
95826 611 60000 
95823 1420 189000 
95834 0 270000 
95820 1212 228327 
95838 1991 225000 
95835 1120 209000 
95815 1316 89000 
95832 1300 140800 
95742 3615 430000 
95843 1830 387731 
95828 1117 149000 
95823 1488 160000 
95822 1012 90000 
95758 722 98000 
95826 1174 195000 
95648 0 4897 
95829 2170 257729 
95815 871 106852 
95670 1524 296056 
95765 0 250000 
95823 1144 134000 
95621 1280 167293 
95758 1039 133000 
95838 0 344755 
95632 1479 188741 
95826 1451 180000 
95624 2096 289000 
95758 1039 141000 
95670 941 94905 
95678 0 500500 
95624 840 71000 
95630 1820 200000 
95838 909 100309 
95628 1144 200000 
95673 844 113263 
95825 810 156000 
95758 1586 194000 
95820 1188 123675 
95682 0 119000 
95823 1740 176250 
95648 0 4897 
95648 0 4897 
95758 1591 250000 
95825 1520 255000 
95843 1393 200000 
95747 0 520000 
95822 800 104250 
95828 1628 151000 
95823 1961 347029 
95662 1616 335000 
95758 1112 213697 
95833 2155 340000 
95825 1623 300000 
95628 960 185000 
95864 2325 660000 
95661 1376 215000 
95670 1851 305000 
95820 804 120000 
95829 1789 243450 
95757 1857 291000 
95828 962 128687 
95820 864 68566 
95841 1921 254200 
95817 1019 148750 
95864 930 203000 
95838 1430 205878 
95829 1816 240000 
95828 1248 297359 
95747 0 306500 
95673 1193 240122 
95673 1284 300000 
95648 0 4897 
95828 1146 149593 
95843 1915 240000 
95762 0 471000 
95648 0 4897 
95662 1294 191250 
95838 1382 293996 
95823 1695 179000 
95628 994 142500 
95823 1851 182587 
95843 1479 205000 
95757 2724 461000 
95817 1080 65000 
95841 924 77000 
95673 1182 247480 
95826 795 90000 
95823 1089 129500 
95835 1776 234000 
95621 1578 215000 
95841 756 230522 
95829 1124 185833 
95660 957 129000 
95682 0 210000 
95820 1516 150000 
95661 3838 613401 
95603 960 285000 
95648 0 4897 
95822 1120 125000 
95632 1266 140000 
95834 1250 232500 
95758 1739 221000 
95838 1082 190000 
95758 0 261000 
95762 0 830000 
95765 1596 370000 
95757 1261 220000 
95678 0 220000 
95843 1088 126640 
95621 1103 170000 
95831 0 370000 
95815 1032 65000 
95842 904 157788 
95843 1711 161500 
95823 1477 168000 
95626 1080 126000 
95632 2214 278000 
95832 3009 280987 
95820 722 145000 
95823 1354 104000 
95648 0 436746 
95826 1356 195000 
95621 1137 194000 
95608 1152 181872 
95758 1776 210000 
95823 901 121500 
95822 1309 131750 
95828 1248 132000 
95824 1127 130000 
95823 1463 174250 
95823 779 114750 
95823 906 77000 
95835 1904 261000 
95823 904 173056 
